22,9
11,19
29,3
27,47
24,19
5,21
37,11
55,50
3,22
15,0
16,3
63,67
47,31
48,43
54,41
37,41
39,16
43,7
3,15
45,49
58,41
29,53
23,13
45,47
7,11
39,47
18,17
33,49
52,69
17,13
19,52
49,9
69,69
38,3
51,33
53,67
39,51
7,19
19,25
65,67
61,63
7,15
1,0
45,63
55,57
36,17
47,47
33,63
53,59
43,43
57,43
22,51
20,51
57,55
35,52
21,1
36,7
2,15
13,7
65,60
59,29
7,16
17,10
55,53
19,20
31,9
29,47
5,31
61,66
55,55
5,17
43,1
3,8
7,14
11,20
14,3
30,45
15,5
40,55
49,37
55,66
49,56
36,45
11,15
18,21
41,62
19,14
53,64
41,53
43,67
40,47
67,67
61,41
33,43
9,35
45,39
31,47
65,69
19,15
27,45
37,70
49,69
41,17
57,41
3,23
18,15
51,69
56,59
45,59
32,9
11,9
17,11
58,27
47,57
37,50
31,64
57,65
32,39
41,67
7,9
43,8
11,11
55,28
14,9
51,63
35,49
43,58
29,5
25,3
45,64
53,32
68,47
51,40
35,0
4,29
23,17
17,19
43,3
42,67
12,13
38,53
45,56
40,1
31,67
17,21
13,17
40,11
16,5
17,6
3,19
9,14
23,53
17,17
30,13
47,37
61,65
28,7
8,21
33,69
35,43
46,55
46,47
25,48
32,15
41,16
5,28
33,65
24,5
39,21
19,49
54,61
59,60
25,50
33,8
11,7
3,5
39,13
39,45
61,37
22,3
9,2
60,69
24,9
45,58
17,7
9,5
45,48
41,51
29,42
13,1
9,10
29,13
37,63
37,56
32,1
6,3
28,11
65,35
37,59
62,65
48,57
38,1
42,1
21,9
50,57
65,58
23,52
1,27
29,11
49,57
65,26
49,41
23,45
37,51
1,11
29,4
26,43
42,53
15,10
23,19
63,29
39,11
61,55
55,29
23,20
6,25
37,8
51,52
59,32
15,52
33,39
41,69
15,19
29,19
45,50
52,43
47,52
38,59
47,69
60,35
41,6
45,53
27,2
15,26
55,59
23,22
37,57
23,14
39,23
17,1
34,47
33,53
57,49
51,48
49,60
69,68
59,37
9,9
23,49
37,46
46,59
12,11
41,37
33,41
45,67
7,17
25,11
59,66
10,19
55,40
9,20
41,47
54,35
21,15
55,67
12,19
65,59
5,23
29,1
30,3
65,38
33,5
51,58
38,9
51,47
55,65
28,43
43,60
21,12
27,13
19,17
44,43
48,45
57,29
55,58
51,53
35,15
48,53
52,41
41,5
41,70
54,27
37,3
19,3
3,14
30,67
40,67
39,69
22,19
9,15
27,5
7,13
35,10
58,31
43,53
19,21
31,5
59,58
31,2
39,65
46,53
48,47
34,43
33,13
70,65
67,61
57,42
57,39
54,69
61,26
39,17
35,68
13,3
9,19
34,45
35,59
26,45
53,47
38,25
3,20
49,61
15,23
40,13
21,51
54,57
57,37
22,17
57,31
12,23
40,3
27,7
63,69
61,39
26,5
1,31
47,63
41,58
23,3
37,7
48,67
51,44
69,67
8,5
51,67
15,15
40,61
1,10
47,65
31,1
55,39
13,18
5,15
31,44
53,61
55,61
49,51
28,1
12,7
52,35
14,23
60,37
39,43
43,45
49,55
37,13
21,53
57,67
47,55
34,53
59,48
53,39
47,53
25,46
32,19
61,43
49,42
12,9
55,63
41,48
41,41
60,33
57,63
45,57
45,55
36,1
43,5
41,61
58,69
20,25
23,1
42,47
35,1
29,45
50,65
25,45
38,11
42,15
49,49
33,1
25,1
65,34
23,15
53,57
49,43
57,66
53,38
68,55
7,44
60,61
31,51
59,39
62,29
38,45
13,22
59,57
31,63
9,17
31,52
53,69
67,69
21,14
26,9
7,7
15,3
35,67
0,9
49,47
21,23
5,27
56,61
9,11
23,21
11,21
46,63
39,14
35,13
32,41
63,32
3,2
55,51
21,16
23,48
49,59
13,11
37,47
59,27
28,45
37,66
19,8
51,38
6,19
66,69
39,57
59,41
21,7
61,64
9,12
34,39
11,17
59,30
34,51
19,51
17,3
27,41
47,49
40,43
13,13
30,11
30,9
16,17
32,11
31,68
37,12
59,43
45,43
56,39
50,49
43,57
7,5
7,21
37,49
37,9
25,16
35,66
35,48
55,43
62,33
35,5
25,20
25,49
15,8
53,55
21,49
35,63
3,13
3,10
19,5
65,31
37,19
61,54
11,6
17,25
35,64
56,49
22,23
37,61
39,15
21,47
57,62
59,69
24,51
0,17
23,9
55,46
15,2
54,47
38,21
39,19
12,5
49,54
19,23
32,43
16,23
43,64
41,43
58,59
33,45
31,54
8,9
41,14
50,33
4,3
53,37
41,7
64,67
19,27
39,39
56,37
18,5
6,21
6,23
45,61
61,21
19,18
54,65
39,49
43,49
65,37
57,68
57,35
17,9
19,2
39,54
36,61
43,15
61,35
7,6
14,11
46,69
44,51
3,11
47,43
23,25
27,49
41,65
21,5
53,63
53,33
22,7
11,16
55,35
24,3
17,23
47,36
7,12
7,0
35,12
3,1
40,57
55,69
43,46
43,65
19,11
17,8
57,64
27,8
59,34
35,61
53,41
38,37
47,35
38,55
35,9
41,1
39,63
49,46
39,3
28,19
34,7
1,15
27,10
39,7
45,66
62,25
4,17
14,17
33,7
38,39
39,5
42,41
15,12
61,33
41,60
25,7
43,69
23,11
25,23
59,33
19,19
50,51
13,5
37,69
55,52
43,6
31,49
47,50
40,9
21,21
69,66
42,9
20,21
37,5
50,67
51,50
44,49
16,15
25,43
35,65
60,67
11,4
53,43
45,42
55,41
59,40
29,9
51,36
52,57
45,68
40,7
57,61
59,61
63,45
41,18
51,45
67,63
61,69
21,11
51,39
41,49
43,66
5,19
37,67
51,59
43,56
29,7
7,18
35,11
21,30
1,1
35,16
49,53
15,25
53,44
31,7
5,6
63,37
27,21
41,59
1,19
1,23
57,59
64,63
19,4
59,31
50,35
61,31
29,0
35,60
19,22
23,12
31,61
43,51
37,14
33,11
47,68
37,64
23,10
7,33
51,62
43,68
2,7
39,67
23,7
3,29
37,58
25,15
21,48
33,50
35,3
23,33
47,45
29,49
24,7
65,68
23,23
57,36
32,47
10,9
63,68
41,55
54,43
10,17
15,1
38,63
25,47
45,69
43,55
53,25
11,3
44,61
51,37
56,33
43,62
11,13
63,36
1,12
46,43
19,7
3,18
39,52
39,68
9,6
2,17
37,43
31,11
59,63
46,45
53,35
66,61
38,17
43,47
29,39
8,3
27,48
43,12
38,49
25,17
23,56
45,45
51,46
18,1
41,15
50,41
51,64
51,57
61,30
53,65
7,24
58,37
16,21
17,14
35,69
41,4
54,39
37,53
56,63
15,7
34,11
5,12
25,18
55,37
59,35
51,55
21,6
61,62
61,23
68,69
29,41
57,32
39,62
32,23
33,47
29,54
41,9
14,5
34,55
63,33
36,5
22,1
60,55
36,3
29,43
57,57
48,49
57,23
54,53
23,46
10,13
45,34
9,21
1,7
31,13
36,43
49,67
53,53
57,69
33,3
47,51
44,53
43,59
5,25
37,60
61,53
32,5
39,61
37,55
61,59
30,7
11,1
33,46
62,69
21,25
4,25
45,51
46,61
48,59
1,4
51,43
50,61
25,5
27,3
36,53
13,2
19,1
5,5
39,6
13,19
33,51
31,53
1,3
21,4
62,59
15,11
1,6
2,3
53,60
35,45
27,43
43,2
58,55
18,25
62,35
13,14
37,15
19,48
47,59
23,5
51,41
29,59
20,9
49,45
59,67
47,34
45,65
3,9
47,61
55,68
39,41
48,65
6,11
36,49
51,68
52,53
30,47
1,9
34,5
7,27
15,13
63,65
59,38
28,49
17,24
49,35
9,13
39,18
51,25
5,8
63,38
34,3
45,37
52,61
43,63
39,53
21,19
1,17
7,8
26,53
13,16
39,9
40,51
63,35
32,49
64,29
37,17
41,11
26,3
13,15
31,45
33,2
21,2
43,44
37,1
39,1
35,55
38,67
64,31
37,65
39,59
5,1
37,42
25,51
21,13
7,3
56,29
31,3
31,6
11,2
48,63
35,7
38,43
49,70
55,56
15,17
4,15
43,54
36,69
35,62
35,53
33,9
38,5
5,3
43,4
30,49
25,53
41,3
60,53
7,1
62,21
59,28
15,21
55,34
8,17
37,10
57,33
52,55
20,17
23,51
6,15
67,59
9,1
10,1
19,29
1,5
13,9
25,9
61,67
27,1
42,51
41,44
49,62
3,12
19,6
2,21
35,14
34,59
56,43
24,15
67,64
40,49
1,13
4,21
33,68
35,51
41,39
28,5
6,1
35,47
58,63
13,21
40,37
2,25
21,24
17,12
39,42
9,63
8,55
29,69
59,8
27,19
19,53
45,35
51,28
49,65
47,12
32,55
66,57
68,25
17,29
16,53
7,68
31,60
5,70
15,48
67,65
58,23
59,22
66,55
63,51
67,32
44,17
57,15
15,67
67,7
47,41
69,33
1,61
69,46
61,13
13,36
21,3
23,37
69,40
15,55
59,21
47,15
17,43
11,50
55,23
33,19
56,47
17,55
47,40
7,38
23,57
11,51
24,39
15,70
1,29
19,37
51,7
35,56
3,25
7,45
63,18
25,57
20,31
2,37
59,47
19,28
20,45
24,63
7,64
37,25
65,65
17,5
31,33
9,61
58,1
65,63
0,37
66,65
2,27
26,59
60,23
30,29
14,51
51,17
21,66
27,37
65,55
21,38
13,23
13,25
43,32
49,63
26,69
57,0
21,29
55,1
49,17
35,35
52,15
24,59
54,7
69,25
15,47
12,37
10,27
66,21
55,15
45,0
68,33
55,27
65,47
59,11
55,20
27,33
7,29
53,30
55,18
59,18
35,25
29,63
51,2
51,1
45,25
67,13
63,31
10,53
15,59
26,55
45,5
5,33
67,21
2,41
69,31
1,53
64,19
47,11
54,11
61,58
33,28
35,17
9,69
29,23
57,5
67,16
67,42
12,45
13,67
47,13
16,35
70,25
3,27
7,30
62,47
62,1
49,3
67,55
69,20
53,15
49,25
31,69
55,16
21,67
63,23
37,39
33,66
42,39
69,11
63,19
65,27
43,17
6,39
41,34
37,35
15,58
44,37
9,26
3,58
55,22
21,31
33,15
21,27
24,33
34,63
23,61
5,9
69,19
15,24
65,24
7,39
14,63
57,52
67,53
2,31
21,46
61,19
49,5
23,44
43,19
33,23
4,51
58,9
13,52
17,15
47,17
47,19
7,31
13,57
51,9
29,14
3,51
51,31
33,67
15,37
59,49
25,12
1,25
20,41
13,46
22,65
35,33
21,33
57,7
45,15
69,27
33,55
67,4
39,37
21,55
5,56
25,33
41,26
1,56
9,62
25,66
1,43
20,63
69,4
41,36
57,9
20,61
19,38
65,19
14,35
11,52
9,40
61,3
59,23
19,45
29,67
31,36
6,33
59,10
49,10
50,3
36,29
21,69
51,26
5,57
17,33
51,12
61,61
10,61
69,22
50,17
49,23
27,61
69,47
23,55
39,29
4,39
19,33
40,27
33,57
69,41
69,6
69,55
19,35
31,59
25,42
63,11
27,51
7,58
27,53
58,15
63,22
11,64
31,43
45,23
29,16
3,46
25,63
51,19
60,1
23,39
5,42
57,14
21,50
8,43
10,57
3,61
19,12
11,27
5,36
19,41
49,14
26,23
17,51
27,40
3,67
41,35
44,23
7,57
59,25
55,17
37,37
34,25
25,28
62,45
20,69
39,34
43,27
9,31
1,62
48,33
39,30
35,36
10,45
1,35
59,13
11,35
5,60
65,21
65,1
69,21
21,45
51,61
27,36
44,33
61,38
6,51
67,18
43,20
45,20
7,60
27,26
63,27
69,15
21,41
9,22
67,27
19,61
45,2
13,33
17,39
51,14
3,35
53,18
39,27
69,37
61,50
3,17
7,32
37,33
19,64
65,39
29,15
29,25
28,29
23,43
53,9
1,52
5,39
9,50
65,42
0,19
27,56
47,29
43,21
41,25
3,65
21,54
17,65
22,27
18,33
5,51
65,29
61,15
51,35
4,35
58,19
9,23
16,61
9,48
45,11
53,20
1,49
51,13
57,6
14,19
69,14
48,17
29,65
23,47
19,60
19,43
9,51
12,59
49,6
27,15
1,47
7,47
61,1
11,39
29,38
13,63
19,63
3,31
29,58
9,65
29,56
67,14
5,37
62,41
3,40
68,7
9,38
52,33
5,30
24,55
30,41
59,59
5,35
17,31
46,31
67,41
2,63
61,27
55,33
17,66
67,47
59,45
12,49
65,56
49,29
49,24
46,13
7,36
7,34
5,55
63,63
11,37
1,38
9,36
45,33
25,67
65,6
11,47
43,28
25,25
5,13
59,16
21,39
33,31
19,65
17,40
9,39
33,18
51,4
17,69
5,7
70,11
62,11
47,27
50,7
1,24
65,2
59,65
3,50
53,11
11,65
9,37
33,29
54,31
13,65
33,25
46,21
70,49
60,13
47,22
21,61
21,68
31,35
47,33
68,63
65,5
41,33
23,29
67,3
61,25
6,47
59,15
51,27
47,9
9,67
18,57
56,21
35,41
65,8
48,25
49,15
15,31
19,34
24,31
27,65
11,34
23,31
9,3
17,30
13,49
19,69
36,27
30,31
35,23
32,33
65,12
40,23
64,9
62,15
7,67
35,27
3,45
69,23
27,52
12,55
16,43
11,25
25,21
51,22
10,29
9,46
27,63
47,39
3,33
28,59
24,69
12,39
26,67
25,14
49,33
25,37
0,25
63,5
69,3
37,23
11,59
5,49
41,19
53,21
13,28
35,18
5,65
57,56
45,7
3,53
27,57
43,31
67,15
22,31
6,27
36,33
45,19
9,29
33,16
11,23
29,26
27,9
66,5
11,44
30,35
19,47
43,42
27,67
57,1
68,59
5,45
1,30
31,65
15,36
6,63
9,41
51,3
67,49
3,3
67,5
53,14
15,51
69,62
22,41
3,4
9,33
66,1
31,39
59,44
25,38
15,68
12,41
53,19
2,53
44,9
65,62
33,26
1,41
18,47
61,46
49,39
69,29
18,53
13,45
53,13
63,17
31,31
11,53
25,55
21,34
5,68
25,29
35,39
63,7
65,54
45,28
47,25
48,19
45,26
43,35
11,55
13,66
39,55
33,58
39,31
69,65
3,60
7,48
54,25
61,51
65,15
10,39
67,44
68,15
3,37
29,66
52,27
57,17
61,56
58,13
22,59
34,29
67,57
29,36
11,33
4,31
37,29
31,17
9,24
69,18
29,51
16,33
55,13
52,67
64,41
11,61
9,30
31,57
53,5
10,69
69,56
69,38
13,68
61,12
9,59
65,22
45,38
20,57
42,31
56,13
28,23
13,59
55,31
17,62
27,32
46,5
33,61
1,39
26,41
59,7
13,41
13,53
63,40
31,37
11,49
23,40
11,67
53,51
58,47
53,23
69,58
62,55
49,0
55,30
23,67
23,65
61,5
45,13
15,35
16,47
66,49
37,45
25,35
68,41
59,55
9,66
65,61
63,15
41,27
27,64
63,49
65,57
53,31
67,45
33,21
63,47
16,55
21,65
67,40
11,45
21,57
55,49
3,7
67,39
53,17
51,23
31,58
47,67
59,50
33,38
19,44
19,39
47,3
49,22
43,39
17,67
5,67
67,37
37,31
9,45
65,7
34,35
15,27
23,69
59,9
69,39
47,7
66,27
17,59
1,63
59,5
5,43
23,59
54,9
9,64
22,61
61,11
2,69
58,53
22,43
60,25
14,43
1,28
45,14
30,69
35,57
55,19
5,69
11,41
39,24
9,27
1,42
53,50
10,43
33,30
63,4
8,41
5,47
0,47
19,9
7,65
3,69
20,39
18,49
67,35
27,24
45,40
49,38
45,29
41,21
13,29
54,5
1,59
43,29
61,45
33,22
65,3
45,27
48,39
27,17
43,9
3,56
27,11
47,38
14,39
5,63
68,1
6,43
35,32
42,11
7,51
43,23
14,31
69,43
67,1
57,47
32,65
39,28
11,42
7,43
61,16
65,41
13,32
45,41
32,27
53,12
11,57
1,37
49,1
65,43
10,31
53,7
7,25
17,35
19,67
67,9
52,5
54,15
69,9
13,43
32,61
61,8
11,5
65,13
15,65
1,51
63,3
35,19
68,11
49,20
49,19
70,27
57,12
63,60
29,17
57,53
13,37
3,43
47,8
9,49
28,33
41,57
24,1
29,34
50,19
65,45
30,19
42,19
2,33
5,11
47,10
7,63
15,69
13,61
63,61
29,27
61,28
15,41
13,55
23,63
46,27
65,49
63,2
63,43
17,64
4,45
25,19
1,50
15,9
64,47
29,21
65,25
9,25
66,13
15,64
69,36
64,15
36,25
19,31
17,50
68,29
24,29
15,53
17,49
36,21
67,11
39,25
5,53
45,10
21,56
7,53
48,7
66,51
15,57
36,37
69,13
29,29
59,19
67,29
59,6
43,36
31,27
52,17
50,29
48,27
30,25
63,25
65,16
67,66
4,59
27,59
57,4
41,63
60,3
8,33
10,35
45,24
45,21
67,43
27,30
65,33
69,51
19,66
5,29
66,35
3,47
2,67
17,47
7,37
19,42
67,30
63,8
15,66
57,25
63,13
8,61
19,36
1,45
3,64
50,31
65,17
49,13
8,69
68,45
30,21
63,1
29,61
43,13
34,33
17,27
61,57
7,41
67,31
59,1
11,29
13,26
37,21
44,29
17,53
6,65
29,28
11,43
55,45
57,26
23,26
7,66
37,40
69,35
55,9
64,57
47,1
55,25
45,3
55,3
12,63
4,33
63,9
59,17
30,59
26,65
53,54
29,55
15,43
3,54
16,29
66,47
14,41
57,19
36,23
45,31
52,21
27,23
47,21
55,5
16,57
1,57
14,45
49,31
64,65
3,39
21,58
17,46
13,27
64,49
51,51
64,45
4,65
35,37
68,35
9,55
9,43
3,57
59,3
57,45
37,34
29,22
43,41
45,30
27,27
33,33
47,4
21,36
13,56
39,35
19,54
31,15
28,39
11,69
28,61
25,36
31,23
26,35
61,9
25,62
45,18
65,23
11,32
55,11
51,15
59,51
9,7
53,29
42,21
5,62
56,7
9,56
63,14
12,27
63,12
3,63
15,45
49,7
43,33
51,10
64,53
59,53
69,49
9,47
1,21
15,61
5,40
13,30
26,31
49,11
51,6
35,31
15,49
37,27
29,50
8,51
59,46
52,23
61,47
41,30
17,57
18,41
57,13
15,33
13,31
51,11
25,59
63,41
15,39
7,35
5,61
34,21
7,23
51,49
18,29
49,21
31,32
69,17
37,20
65,50
51,5
19,59
45,1
69,63
48,3
55,21
10,67
33,14
43,61
22,37
28,21
14,55
13,69
5,41
27,55
61,6
25,58
53,2
23,35
45,17
17,61
3,36
70,43
53,24
25,31
14,61
47,16
29,37
17,44
11,63
61,42
3,21
53,3
56,3
19,55
41,64
57,21
11,24
27,70
31,41
69,59
67,25
44,13
29,35
36,31
23,27
24,43
69,60
53,48
69,61
5,46
29,33
17,63
27,69
7,49
17,45
13,58
31,29
57,51
34,41
48,15
27,12
13,34
37,36
11,31
57,3
61,29
5,10
9,58
68,21
57,11
6,57
14,49
56,17
27,39
0,65
7,69
61,17
63,24
65,10
40,39
8,53
18,67
45,9
25,41
69,8
41,31
63,20
48,31
26,61
31,62
3,49
66,29
15,60
62,51
27,18
3,59
43,38
41,29
27,31
42,33
5,52
1,48
27,25
41,23
31,55
50,25
48,29
67,51
57,50
63,21
31,19
37,22
31,24
35,29
25,69
18,59
63,55
33,17
21,63
21,35
32,29
67,52
54,1
53,27
24,25
51,21
2,47
11,48
21,59
57,27
63,52
1,60
22,33
27,35
42,25
33,37
38,27
21,17
31,56
68,27
57,24
2,43
67,33
28,15
15,29
1,44
56,25
1,55
25,27
25,39
38,31
61,49
19,57
5,59
61,7
70,31
53,45
64,27
27,29
7,61
1,33
13,47
15,38
65,9
29,57
69,10
43,37
13,51
51,29
41,13
25,13
32,35
47,23
61,10
21,62
23,41
18,27
33,27
65,53
17,20
40,33
5,54
26,25
28,67
21,43
65,51
23,68
20,27
3,66
69,52
3,41
18,55
68,49
43,11
4,69
41,45
23,54
13,35
16,69
67,24
28,53
55,10
33,20
26,15
30,17
13,39
69,53
21,37
57,44
45,22
31,21
47,2
12,61
69,5
18,37
63,59
35,21
22,29
33,59
6,49
67,36
15,63
63,6
33,35
31,25
65,32
7,54
15,28
47,5
69,7
63,57
63,44
61,4
29,31
69,1
23,64
60,43
17,32
56,9
3,55
45,16
66,9
69,45
67,17
1,69
9,53
49,12
53,49
17,41
51,65
7,55
43,24
55,7
17,37
12,67
25,61
27,50
67,23
68,53
1,67
63,39
25,65
24,35
29,64
16,39
10,59
29,62
51,8
58,3
18,69
61,48
61,18
67,19
49,27
0,57
63,53
59,20
66,19
53,1
40,65
39,33
69,57
69,2
66,39
8,27
54,3
35,40
55,47
46,35
1,34
65,11
7,59
41,22
45,6
43,25
1,65
19,13
9,57
70,30
56,53
10,36
3,6
4,50
54,48
0,50
55,44
65,36
36,68
26,19
27,0
34,70
2,50
26,0
14,52
36,48
60,36
12,34
2,23
67,12
39,32
50,28
56,51
0,51
0,35
40,16
18,54
28,47
18,65
8,2
11,10
16,42
27,42
68,40
3,0
43,50
2,70
49,66
11,38
34,27
50,53
29,12
29,6
35,20
31,34
46,26
69,32
50,32
67,56
56,62
36,6
0,13
60,52
18,19
50,6
66,40
24,56
14,40
32,8
40,31
64,37
8,56
58,43
12,64
32,22
6,38
11,0
24,6
13,48
17,48
44,1
50,42
34,57
28,65
46,3
23,30
60,45
20,50
13,42
53,46
0,43
47,26
39,50
66,20
32,63
26,37
40,63
30,23
16,19
38,50
9,60
27,58
13,70
28,60
14,68
14,36
42,64
36,56
54,40
8,7
1,26
55,64
2,36
4,41
37,28
0,24
46,28
25,22
2,51
9,70
6,53
60,14
2,59
0,59
65,20
28,41
18,31
36,18
56,40
66,60
6,68
45,12
36,13
24,62
42,65
17,68
42,17
14,64
0,52
68,4
34,38
34,49
53,36
8,66
31,10
33,54
33,0
38,6
6,32
4,34
9,0
32,2
26,68
9,28
50,62
46,20
20,70
26,18
42,58
36,59
40,5
63,64
29,68
32,10
32,46
6,28
34,67
40,68
8,59
37,0
3,26
6,67
20,3
30,61
26,42
70,10
35,4
12,51
50,30
11,62
28,2
7,28
70,69
34,68
14,13
26,58
3,52
47,30
3,28
63,46
57,58
69,0
48,32
24,61
14,53
22,24
40,62
47,66
55,62
27,54
46,1
47,32
68,56
36,9
23,58
5,64
68,62
8,54
56,50
8,44
66,6
13,0
54,66
25,32
26,22
63,54
28,8
15,62
44,0
14,62
12,69
38,24
32,13
42,46
24,68
42,50
12,1
69,30
6,45
39,36
6,35
64,33
38,7
18,45
67,60
42,28
28,51
30,70
30,14
12,4
11,12
16,28
35,8
10,68
47,6
25,24
38,34
46,6
38,69
14,37
7,42
44,25
56,36
2,29
54,67
38,23
8,57
42,48
56,65
8,25
44,50
34,69
66,42
18,28
38,52
67,6
0,30
4,68
44,40
44,45
65,64
33,24
0,66
14,38
4,49
7,46
58,42
57,54
40,54
40,8
52,62
26,50
70,29
12,66
26,14
24,32
68,57
66,59
10,34
33,4
40,35
68,20
64,68
48,5
65,0
55,54
31,48
11,40
23,0
14,58
66,36
68,3
62,43
50,50
20,52
26,13
38,44
25,70
33,10
12,52
18,20
41,24
38,2
24,27
30,40
28,22
4,63
0,46
50,0
47,0
4,58
16,20
22,5
13,60
52,12
5,48
55,42
38,68
24,65
32,7
46,10
17,26
10,48
30,50
28,40
39,10
39,22
58,14
40,60
49,2
0,33
40,4
20,4
36,30
12,70
41,8
29,48
28,9
8,24
50,27
60,47
15,18
10,49
32,14
26,66
40,36
59,0
16,1
31,14
25,68
24,13
18,18
12,53
38,57
30,54
1,18
28,24
60,46
12,40
8,52
38,0
64,21
39,0
28,70
30,36
43,18
66,62
32,69
17,60
47,44
34,8
18,11
40,30
40,14
52,10
58,34
38,12
60,15
6,22
40,42
4,61
41,56
0,20
6,24
70,20
16,25
2,34
40,58
4,23
38,54
2,52
5,26
8,48
68,26
29,30
32,25
31,4
30,27
58,33
11,46
18,32
63,58
7,56
52,45
68,17
5,50
28,17
48,50
40,48
28,32
38,14
34,15
55,38
42,40
31,70
49,64
41,2
30,2
4,28
2,24
63,56
19,50
12,46
34,24
30,6
0,29
42,42
41,0
44,14
37,6
70,12
65,4
6,58
1,68
60,44
38,32
38,58
6,46
26,16
64,42
4,12
31,26
70,21
16,70
44,38
24,53
28,52
21,0
56,55
38,16
17,70
60,58
26,49
5,14
66,24
5,58
26,7
40,18
67,22
6,69
34,44
24,24
60,48
22,0
12,3
20,6
1,20
38,41
22,57
4,60
22,54
32,12
32,58
34,52
18,52
16,24
60,18
42,7
14,56
8,30
43,10
52,42
41,20
18,43
52,48
38,40
46,30
30,0
30,64
44,24
52,49
39,58
20,64
6,13
66,28
31,22
34,1
58,56
57,34
70,13
35,30
70,6
37,16
26,4
44,48
50,66
6,62
54,56
12,32
40,2
28,69
60,40
26,52
11,60
56,41
19,70
0,53
0,39
32,70
2,30
46,29
4,42
41,40
38,33
60,21
46,66
0,6
11,36
40,45
56,12
38,42
12,44
24,48
6,14
38,62
42,8
42,13
52,24
58,6
68,8
50,56
20,53
20,32
20,33
17,56
34,13
14,46
2,68
0,64
70,26
42,4
34,0
22,45
41,42
69,34
31,30
9,4
26,33
56,58
36,35
30,5
18,35
33,52
23,4
64,26
4,30
37,62
20,22
28,46
43,14
63,30
49,68
42,34
4,40
56,27
70,36
60,63
46,38
42,55
62,39
28,68
22,2
9,8
50,10
24,57
54,58
0,1
19,40
6,61
25,2
36,67
66,63
26,51
36,70
38,4
4,44
5,4
15,50
38,48
40,53
57,10
52,38
68,38
1,54
31,50
52,63
69,26
66,70
42,70
55,24
37,32
14,1
26,17
15,16
7,4
64,20
64,54
25,40
64,52
30,68
58,61
70,63
70,52
68,13
18,42
34,36
23,38
4,2
33,56
27,20
10,5
54,50
57,20
60,16
44,69
0,56
67,8
22,46
70,46
22,58
44,2
30,4
47,20
14,33
16,44
20,37
40,29
0,60
8,8
16,12
26,36
18,22
54,10
44,62
48,26
36,2
53,66
2,32
53,8
62,2
28,63
66,44
42,12
22,70
56,23
68,37
22,68
26,30
12,24
4,53
64,56
30,44
48,22
16,27
37,26
64,4
55,0
32,18
16,2
26,27
12,26
54,33
63,66
28,14
39,38
46,18
41,54
56,45
44,22
55,70
63,16
54,45
64,18
14,27
45,32
46,32
32,50
40,24
24,34
52,47
16,18
5,44
64,28
41,50
42,20
30,38
62,53
68,19
39,46
6,8
20,16
65,14
34,48
53,0
44,41
70,24
29,52
46,65
65,40
11,8
70,17
2,57
36,24
42,38
18,4
65,66
38,66
19,62
20,28
4,54
35,28
20,20
6,37
28,27
49,36
67,10
51,30
44,36
10,62
20,60
12,36
52,8
24,4
22,56
21,42
54,16
2,19
60,49
60,19
70,64
47,28
44,65
52,44
2,62
36,58
20,49
62,19
10,47
55,48
36,8
52,50
56,8
46,62
20,46
14,25
0,12
52,9
44,30
33,36
26,2
62,7
56,52
12,29
56,28
18,63
57,38
30,48
20,68
6,36
34,64
50,64
48,23
21,22
28,0
10,33
46,39
24,64
34,28
12,2
66,22
27,62
16,9
18,8
35,26
10,65
64,62
34,12
1,16
10,44
34,26
64,13
54,68
10,42
28,55
61,52
44,44
66,38
54,63
9,52
53,70
44,19
51,70
3,32
38,60
0,48
33,12
50,14
18,12
4,52
59,14
42,32
35,38
48,35
37,44
15,56
4,38
22,13
5,38
54,30
40,52
19,0
12,42
68,61
20,26
62,22
54,14
2,35
36,0
36,41
13,62
30,1
10,63
49,58
68,24
68,60
54,22
6,48
38,51
40,44
67,50
64,36
25,6
50,23
23,34
41,46
67,54
4,10
32,57
34,16
20,10
62,0
40,70
52,13
47,46
50,13
27,68
11,54
32,45
36,12
15,34
0,38
52,22
24,16
64,12
32,3
32,40
34,19
34,61
10,10
62,16
52,37
32,34
59,24
21,26
48,44
4,13
52,29
54,42
32,51
25,34
34,14
48,34
47,14
57,40
54,17
18,6
66,52
46,70
58,28
8,67
62,9
39,60
6,42
29,10
59,36
62,44
40,50
38,10
30,8
17,22
30,51
10,50
69,44
62,13
0,41
25,60
20,40
51,34
46,14
58,4
28,38
63,34
50,8
60,26
1,64
46,17
68,16
36,54
16,22
12,10
40,46
2,55
38,29
19,32
70,56
53,6
30,26
14,21
27,14
40,6
66,67
58,29
33,64
8,12
62,12
24,44
35,50
20,30
54,28
32,37
24,45
30,33
10,12
8,35
25,4
22,66
2,56
60,62
23,8
17,18
16,7
6,0
20,29
62,10
26,32
50,44
18,61
6,66
12,25
68,34
61,22
22,18
43,40
42,49
68,43
58,60
45,52
8,65
14,8
54,37
58,17
70,35
53,58
64,22
44,47
60,31
48,58
70,68
6,6
2,20
22,4
53,16
4,20
2,11
55,4
14,16
57,60
50,4
32,31
